0 0
1 0
2 0
3 1
4 0
5 1
6 3
7 8
8 4
9 4
10 15
11 24
12 31
13 41
14 60
15 75
16 81
17 150
18 189
19 203
20 309
21 375
22 438
23 501
24 593
25 601
26 846
27 755
28 1030
29 1192
30 891
31 1739
32 2387
33 2128
34 2541
35 1056
36 1842
37 1419
38 1315
39 1145
40 830
41 965
42 765
43 715
44 534
45 411
46 419
47 372
48 348
49 364
50 325
51 367
52 390
53 377
54 368
55 371
56 360
57 373
58 403
59 385
60 398
61 439
62 393
63 471
64 505
65 473
66 549
67 523
68 483
69 463
70 484
71 481
72 466
73 471
74 432
75 422
76 454
77 430
78 444
79 437
80 413
81 411
82 406
83 421
84 399
85 434
86 425
87 433
88 469
89 508
90 606
91 720
92 784
93 820
94 965
95 971
96 879
97 859
98 943
99 893
100 886
101 929
102 884
103 862
104 879
105 829
106 852
107 776
108 785
109 730
110 797
111 752
112 847
113 852
114 935
115 923
116 940
117 953
118 948
119 979
120 916
121 952
122 976
123 956
124 928
125 969
126 997
127 994
128 1031
129 1074
130 1045
131 1105
132 1161
133 1161
134 1129
135 1146
136 1122
137 1163
138 1190
139 1127
140 1199
141 1142
142 1253
143 1197
144 1169
145 1125
146 1042
147 948
148 931
149 872
150 843
151 800
152 845
153 840
154 854
155 845
156 868
157 820
158 869
159 871
160 866
161 829
162 888
163 847
164 889
165 893
166 868
167 910
168 815
169 782
170 791
171 735
172 720
173 700
174 726
175 689
176 745
177 655
178 668
179 604
180 603
181 564
182 546
183 493
184 505
185 474
186 487
187 497
188 496
189 484
190 565
191 542
192 654
193 599
194 561
195 570
196 524
197 552
198 520
199 482
200 539
201 537
202 545
203 583
204 553
205 495
206 559
207 546
208 584
209 529
210 538
211 428
212 471
213 458
214 512
215 603
216 620
217 577
218 650
219 609
220 710
221 783
222 747
223 658
224 721
225 596
226 464
227 552
228 495
229 429
230 444
231 474
232 538
233 452
234 434
235 525
236 486
237 423
238 416
239 385
240 450
241 403
242 467
243 425
244 452
245 453
246 442
247 554
248 592
249 635
250 764
251 1010
252 1466
253 2238
254 5417
255 64741
